3 6 11 12 14 15 16 18 22 23 28 29 31 32 37 38 44 46 50 54 151 182 188 300 307 458 469 1049 1050 1053 1063 1067 1068 1461 1462 1464 1468 1475 1478 1480 1485 1486 1487 1489 1494 1497 1501 1510 1590 4134 4534 4538 6332 23381 23517 40499 40668 40670 40701 40966 40975 40978 40979 40982 40983 40984 40994 41027

removing:

more than 10K rows

dataset_id name num_instances
6 letter 20000
32 pendigits 10992
151 electricity 45312
1053 jm1 10885
1461 bank-marketing 45211
1478 har 10299
1486 nomao 34465
1590 adult 48842
4534 PhishingWebsites 11055
23517 numerai28.6 96320
40668 connect-4 67557
41027 jungle_chess_2pcs_raw_endgame_complete

more than 1K columns
4134 Bioresponse 1777
40978 Internet-Advertisement 1559

OOM at --num_layers 15 --dim 256

12 


left after removing 

3 11 14 15 16 18 22 23 28 29 31 37 38 44 46 50 54 182 188 300 307 458 469 1049 1050 1063 1067 1068 1462 1464 1468 1475 1480 1485 1487 1489 1494 1497 1501 1510 4538 6332 23381 40499 40670 40701 40966 40975 40979 40982 40983 40984 40994
